VehicleName	TimeStamp	POS_X	POS_Y	POS_Z	Q_W	Q_X	Q_Y	Q_Z	ImageFile
Drone1	1644860788048	-61.7965	20.1344	-18.6362	0.998653	0.00754246	0.0495286	-0.013528	img_Drone1__0_1644860788573260900.png
Drone1	1644860788105	-62.4249	20.3379	-18.8067	0.998648	0.00765041	0.0495719	-0.013651	img_Drone1__0_1644860788629726900.png
Drone1	1644860788162	-63.0541	20.5416	-18.9773	0.998644	0.00771977	0.0496152	-0.0137685	img_Drone1__0_1644860788684394400.png
Drone1	1644860788216	-63.6508	20.7347	-19.1387	0.998641	0.00776541	0.0496349	-0.0138742	img_Drone1__0_1644860788739824100.png
Drone1	1644860788273	-64.2813	20.9389	-19.3092	0.998639	0.00776722	0.0496352	-0.013979	img_Drone1__0_1644860788795800000.png
Drone1	1644860788327	-64.8793	21.1325	-19.4705	0.998642	0.00775565	0.0495637	-0.0140675	img_Drone1__0_1644860788851114600.png
Drone1	1644860788405	-65.7441	21.4125	-19.7036	0.998648	0.00775784	0.0494163	-0.0141756	img_Drone1__0_1644860788928998500.png
Drone1	1644860788459	-66.3436	21.6067	-19.8649	0.99865	0.00771014	0.049365	-0.014233	img_Drone1__0_1644860788982243000.png
Drone1	1644860788513	-66.9436	21.801	-20.0261	0.998651	0.0076504	0.049326	-0.0142768	img_Drone1__0_1644860789036006400.png
Drone1	1644860788564	-67.5108	21.9847	-20.1784	0.998654	0.00759591	0.0492827	-0.014308	img_Drone1__0_1644860789089327700.png
Drone1	1644860788618	-68.112	22.1794	-20.3397	0.998654	0.00757846	0.0492697	-0.0143331	img_Drone1__0_1644860789142041900.png
Drone1	1644860788672	-68.7137	22.3743	-20.5009	0.998651	0.00756878	0.0493259	-0.014349	img_Drone1__0_1644860789195001600.png
Drone1	1644860788726	-69.316	22.5694	-20.6621	0.99865	0.00753239	0.0493436	-0.0143558	img_Drone1__0_1644860789249322300.png
Drone1	1644860788780	-69.9189	22.7647	-20.8234	0.998651	0.00748288	0.0493284	-0.0143559	img_Drone1__0_1644860789303242600.png
Drone1	1644860788834	-70.5223	22.9601	-20.9846	0.998654	0.00745428	0.0492761	-0.0143516	img_Drone1__0_1644860789357973500.png
Drone1	1644860788888	-71.1263	23.1558	-21.1458	0.998658	0.00745534	0.0492071	-0.014341	img_Drone1__0_1644860789411040800.png
Drone1	1644860788939	-71.6972	23.3407	-21.2981	0.99866	0.00745902	0.0491688	-0.0143255	img_Drone1__0_1644860789464241500.png
Drone1	1644860788993	-72.3022	23.5367	-21.4593	0.998661	0.00746805	0.0491426	-0.0143057	img_Drone1__0_1644860789516485200.png
Drone1	1644860789044	-72.8742	23.722	-21.6116	0.998665	0.00745303	0.0490878	-0.0142832	img_Drone1__0_1644860789569692800.png
Drone1	1644860789095	-73.4465	23.9075	-21.7638	0.99867	0.00741982	0.0489982	-0.0142586	img_Drone1__0_1644860789620781200.png
Drone1	1644860789149	-74.0531	24.104	-21.9251	0.998671	0.00740172	0.048978	-0.0142314	img_Drone1__0_1644860789672923200.png
Drone1	1644860789200	-74.6264	24.2898	-22.0774	0.998671	0.00735357	0.0489918	-0.014203	img_Drone1__0_1644860789725694700.png
Drone1	1644860789257	-75.2678	24.4976	-22.2476	0.998673	0.00734425	0.0489636	-0.0141728	img_Drone1__0_1644860789780772400.png
Drone1	1644860789332	-76.1124	24.7713	-22.4716	0.998677	0.00734772	0.0488966	-0.0141369	img_Drone1__0_1644860789857337900.png
Drone1	1644860789386	-76.7212	24.9686	-22.6329	0.998683	0.00724748	0.0488012	-0.0141103	img_Drone1__0_1644860789909293800.png
Drone1	1644860789437	-77.2966	25.1551	-22.7853	0.998688	0.00714034	0.0487128	-0.0140864	img_Drone1__0_1644860789961834400.png
Drone1	1644860789491	-77.9063	25.3528	-22.9466	0.998693	0.00706772	0.0486267	-0.0140659	img_Drone1__0_1644860790014711900.png
Drone1	1644860789545	-78.5165	25.5505	-23.1079	0.998696	0.00697458	0.0485786	-0.0140455	img_Drone1__0_1644860790068342600.png
Drone1	1644860789602	-79.1611	25.7594	-23.2783	0.998701	0.00689483	0.0484889	-0.0140293	img_Drone1__0_1644860790125609800.png
Drone1	1644860789659	-79.8062	25.9685	-23.4487	0.998711	0.00682667	0.0483097	-0.0140163	img_Drone1__0_1644860790182591900.png
Drone1	1644860789710	-80.3838	26.1557	-23.6012	0.998719	0.00676882	0.0481561	-0.0140077	img_Drone1__0_1644860790234252500.png
Drone1	1644860789761	-80.9618	26.3431	-23.7537	0.998726	0.00671631	0.0480049	-0.0140054	img_Drone1__0_1644860790286351900.png
Drone1	1644860789815	-81.5742	26.5415	-23.9152	0.998734	0.00668326	0.0478476	-0.0140102	img_Drone1__0_1644860790338234800.png
Drone1	1644860789866	-82.1529	26.7291	-24.0678	0.99874	0.00663689	0.047723	-0.0140197	img_Drone1__0_1644860790391919400.png
Drone1	1644860789920	-82.7661	26.9278	-24.2294	0.998746	0.00657064	0.0475974	-0.0140352	img_Drone1__0_1644860790443739600.png
Drone1	1644860789971	-83.3456	27.1156	-24.3821	0.998753	0.00644895	0.0474727	-0.0140514	img_Drone1__0_1644860790495572800.png
Drone1	1644860790022	-83.9253	27.3035	-24.5348	0.998756	0.00636461	0.0474089	-0.0140721	img_Drone1__0_1644860790548070600.png
Drone1	1644860790073	-84.5055	27.4915	-24.6875	0.998759	0.00627244	0.0473647	-0.0140952	img_Drone1__0_1644860790598817200.png
Drone1	1644860790124	-85.0859	27.6796	-24.8403	0.99876	0.00622863	0.0473404	-0.0141227	img_Drone1__0_1644860790650261700.png
Drone1	1644860790178	-85.7008	27.8789	-25.0021	0.998764	0.00620475	0.0472431	-0.0141535	img_Drone1__0_1644860790703289200.png
Drone1	1644860790253	-86.5555	28.1558	-25.2268	0.998773	0.00616672	0.0470319	-0.0141992	img_Drone1__0_1644860790777505600.png
Drone1	1644860790325	-87.3765	28.4218	-25.4425	0.998779	0.00602503	0.0469177	-0.0142327	img_Drone1__0_1644860790850351700.png
Drone1	1644860790376	-87.9584	28.6103	-25.5954	0.998781	0.00595946	0.0468847	-0.0142558	img_Drone1__0_1644860790902044700.png
Drone1	1644860790430	-88.5749	28.81	-25.7572	0.998783	0.00588818	0.0468297	-0.0142783	img_Drone1__0_1644860790954992400.png
Drone1	1644860790481	-89.1574	28.9986	-25.9101	0.998786	0.00583378	0.0467722	-0.0142979	img_Drone1__0_1644860791007144800.png
Drone1	1644860790556	-90.0145	29.2762	-26.1349	0.99879	0.00575754	0.046684	-0.0143244	img_Drone1__0_1644860791080264700.png
Drone1	1644860790628	-90.8378	29.5428	-26.3507	0.998793	0.0057541	0.0466242	-0.0143484	img_Drone1__0_1644860791153503800.png
Drone1	1644860790679	-91.4213	29.7317	-26.5036	0.998795	0.00576045	0.0465802	-0.0143608	img_Drone1__0_1644860791205099700.png
Drone1	1644860790736	-92.0738	29.9429	-26.6745	0.998796	0.00569819	0.046558	-0.0143673	img_Drone1__0_1644860791260657100.png
Drone1	1644860790817	-93.0015	30.2432	-26.9174	0.998801	0.00564202	0.0464531	-0.014374	img_Drone1__0_1644860791340118800.png
Drone1	1644860790871	-93.6203	30.4435	-27.0793	0.998805	0.00559889	0.0463745	-0.0143758	img_Drone1__0_1644860791398370900.png
Drone1	1644860790922	-94.205	30.6326	-27.2322	0.998807	0.00554997	0.0463388	-0.0143751	img_Drone1__0_1644860791449001800.png
Drone1	1644860790973	-94.7899	30.8219	-27.3852	0.99881	0.00551129	0.0462755	-0.014374	img_Drone1__0_1644860791499381100.png
Drone1	1644860791024	-95.375	31.0112	-27.5381	0.998814	0.00547075	0.0461911	-0.0143722	img_Drone1__0_1644860791549944300.png
Drone1	1644860791075	-95.9603	31.2005	-27.6911	0.998818	0.00540775	0.04611	-0.0143673	img_Drone1__0_1644860791600703400.png
Drone1	1644860791126	-96.5459	31.3899	-27.8441	0.998823	0.00536468	0.0460179	-0.0143603	img_Drone1__0_1644860791652417200.png
Drone1	1644860791180	-97.1661	31.5904	-28.0061	0.998828	0.00530139	0.045928	-0.0143478	img_Drone1__0_1644860791706361800.png
Drone1	1644860791234	-97.7866	31.791	-28.1682	0.998832	0.00523219	0.0458387	-0.0143321	img_Drone1__0_1644860791758366200.png
Drone1	1644860791306	-98.6142	32.0586	-28.3843	0.998836	0.00518115	0.0457727	-0.0143046	img_Drone1__0_1644860791831385900.png
Drone1	1644860791357	-99.2007	32.2481	-28.5374	0.99884	0.00516345	0.0456994	-0.0142815	img_Drone1__0_1644860791883610300.png
Drone1	1644860791429	-100.029	32.5157	-28.7536	0.998843	0.00517823	0.0456328	-0.0142457	img_Drone1__0_1644860791954229100.png
Drone1	1644860791480	-100.616	32.7053	-28.9068	0.998846	0.00518941	0.0455817	-0.0142161	img_Drone1__0_1644860792004297300.png
Drone1	1644860791528	-101.168	32.8838	-29.051	0.998848	0.00521157	0.0455378	-0.0141872	img_Drone1__0_1644860792054814600.png
Drone1	1644860791579	-101.756	33.0735	-29.2043	0.998848	0.00518141	0.0455494	-0.0141529	img_Drone1__0_1644860792105059400.png
Drone1	1644860791651	-102.585	33.3413	-29.4206	0.99885	0.00513899	0.0455403	-0.0141038	img_Drone1__0_1644860792177506400.png
Drone1	1644860791702	-103.173	33.531	-29.5738	0.99885	0.0051436	0.0455372	-0.0140705	img_Drone1__0_1644860792227834600.png
Drone1	1644860791753	-103.76	33.7208	-29.7271	0.998852	0.00515274	0.0455145	-0.01404	img_Drone1__0_1644860792278730000.png
Drone1	1644860791804	-104.348	33.9106	-29.8804	0.998853	0.0051563	0.0454881	-0.0140108	img_Drone1__0_1644860792328775000.png
Drone1	1644860791852	-104.902	34.0892	-30.0246	0.998855	0.00516527	0.0454627	-0.0139855	img_Drone1__0_1644860792378791100.png
Drone1	1644860791927	-105.767	34.3684	-30.25	0.99886	0.00513387	0.045357	-0.0139495	img_Drone1__0_1644860792450987200.png
Drone1	1644860791975	-106.321	34.5471	-30.3943	0.998863	0.00510715	0.045313	-0.0139279	img_Drone1__0_1644860792501864600.png
Drone1	1644860792047	-107.152	34.8152	-30.6107	0.998869	0.00505213	0.0451897	-0.0138998	img_Drone1__0_1644860792572928600.png
Drone1	1644860792095	-107.706	34.994	-30.755	0.998873	0.00502506	0.0451158	-0.0138841	img_Drone1__0_1644860792622080000.png
Drone1	1644860792167	-108.538	35.2622	-30.9714	0.998879	0.00496212	0.0449911	-0.013864	img_Drone1__0_1644860792693805700.png
Drone1	1644860792218	-109.127	35.4521	-31.1243	0.998882	0.00491991	0.0449246	-0.0138515	img_Drone1__0_1644860792743668900.png
Drone1	1644860792290	-109.959	35.7203	-31.3385	0.998876	0.00486481	0.0450644	-0.013836	img_Drone1__0_1644860792815533300.png
Drone1	1644860792362	-110.791	35.9886	-31.5533	0.998873	0.0047816	0.0451631	-0.0138157	img_Drone1__0_1644860792887259500.png
Drone1	1644860792410	-111.346	36.1674	-31.6968	0.998874	0.00477467	0.0451294	-0.0138041	img_Drone1__0_1644860792936318000.png
Drone1	1644860792482	-112.178	36.4356	-31.9123	0.998881	0.00477488	0.0449952	-0.013791	img_Drone1__0_1644860793007560300.png
Drone1	1644860792554	-113.011	36.7039	-32.1281	0.998886	0.00476508	0.0448893	-0.0137826	img_Drone1__0_1644860793080439600.png
Drone1	1644860792605	-113.601	36.8939	-32.281	0.99889	0.00483149	0.0447711	-0.0137834	img_Drone1__0_1644860793129902000.png
Drone1	1644860792653	-114.157	37.0728	-32.4251	0.998893	0.00487204	0.0447088	-0.0137861	img_Drone1__0_1644860793179521900.png
Drone1	1644860792725	-114.99	37.3411	-32.6413	0.998894	0.00481353	0.0446976	-0.0137874	img_Drone1__0_1644860793251377000.png
Drone1	1644860792776	-115.58	37.5312	-32.7946	0.998892	0.00474645	0.0447455	-0.0137887	img_Drone1__0_1644860793301569700.png
Drone1	1644860792824	-116.136	37.7101	-32.9388	0.998894	0.00469246	0.0447137	-0.0137911	img_Drone1__0_1644860793350825400.png
Drone1	1644860792875	-116.727	37.9002	-33.0921	0.998899	0.00465578	0.0445976	-0.0137947	img_Drone1__0_1644860793399811400.png
Drone1	1644860792944	-117.526	38.1573	-33.2996	0.998902	0.00468156	0.0445249	-0.0138015	img_Drone1__0_1644860793471254300.png
Drone1	1644860792995	-118.117	38.3474	-33.453	0.998902	0.00471735	0.0445189	-0.0138076	img_Drone1__0_1644860793521738800.png
Drone1	1644860793067	-118.951	38.6157	-33.6696	0.9989	0.0047624	0.0445495	-0.0138149	img_Drone1__0_1644860793593604600.png
Drone1	1644860793136	-119.751	38.8729	-33.8772	0.998896	0.00473259	0.0446581	-0.0138177	img_Drone1__0_1644860793662737900.png
Drone1	1644860793187	-120.342	39.063	-34.0306	0.998894	0.00474796	0.0446869	-0.0138197	img_Drone1__0_1644860793713105900.png
Drone1	1644860793235	-120.899	39.2419	-34.1741	0.998892	0.00475389	0.0447271	-0.0138207	img_Drone1__0_1644860793761982200.png
Drone1	1644860793289	-121.525	39.4431	-34.3349	0.998884	0.00477292	0.0449188	-0.0138205	img_Drone1__0_1644860793815796600.png
Drone1	1644860793298	-121.629	39.4767	-34.3617	0.998883	0.00477724	0.0449332	-0.0138204	img_Drone1__0_1644860793817071800.png
Drone1	1644860793388	-122.673	39.8121	-34.6304	0.998881	0.00482793	0.0449643	-0.0138193	img_Drone1__0_1644860793915037500.png
Drone1	1644860793442	-123.299	40.0134	-34.792	0.998884	0.00483797	0.0449026	-0.0138174	img_Drone1__0_1644860793966768500.png
Drone1	1644860793511	-124.1	40.2707	-34.9987	0.998892	0.00485754	0.0447229	-0.0138158	img_Drone1__0_1644860794035908300.png
Drone1	1644860793562	-124.692	40.4608	-35.1516	0.998901	0.00491666	0.0445251	-0.0138153	img_Drone1__0_1644860794086978400.png
Drone1	1644860793610	-125.249	40.6398	-35.2956	0.998908	0.00495124	0.0443555	-0.0138098	img_Drone1__0_1644860794137554700.png
Drone1	1644860793682	-126.085	40.9082	-35.5118	0.998916	0.00502345	0.0441675	-0.013801	img_Drone1__0_1644860794208606100.png
Drone1	1644860793733	-126.677	41.0984	-35.665	0.998921	0.00509069	0.0440455	-0.0137934	img_Drone1__0_1644860794259473700.png
Drone1	1644860793781	-127.234	41.2775	-35.8093	0.998926	0.00514507	0.0439355	-0.0137833	img_Drone1__0_1644860794308104000.png
Drone1	1644860793832	-127.827	41.4677	-35.9627	0.99893	0.00515128	0.0438504	-0.0137692	img_Drone1__0_1644860794358007000.png
Drone1	1644860793883	-128.419	41.658	-36.1161	0.998932	0.00516149	0.0438128	-0.0137514	img_Drone1__0_1644860794409934500.png
Drone1	1644860793934	-129.012	41.8482	-36.2696	0.998931	0.00518192	0.0438349	-0.0137318	img_Drone1__0_1644860794460111400.png
Drone1	1644860794003	-129.813	42.1057	-36.4773	0.998929	0.005277	0.043869	-0.0137086	img_Drone1__0_1644860794530195300.png
Drone1	1644860794054	-130.406	42.2961	-36.6309	0.998931	0.00531135	0.0438418	-0.0136907	img_Drone1__0_1644860794579229300.png
Drone1	1644860794105	-130.998	42.4865	-36.7844	0.998931	0.00531698	0.043833	-0.0136715	img_Drone1__0_1644860794629577500.png
Drone1	1644860794174	-131.8	42.7441	-36.9923	0.998934	0.00532563	0.043775	-0.0136486	img_Drone1__0_1644860794699067300.png
Drone1	1644860794222	-132.357	42.9234	-37.136	0.998936	0.00530733	0.0437419	-0.0136357	img_Drone1__0_1644860794749081800.png
Drone1	1644860794273	-132.95	43.1138	-37.288	0.99893	0.00525645	0.0438754	-0.0136242	img_Drone1__0_1644860794798945400.png
Drone1	1644860794342	-133.751	43.3716	-37.4941	0.998924	0.00517432	0.04403	-0.013616	img_Drone1__0_1644860794869159600.png
Drone1	1644860794417	-134.623	43.6518	-37.7186	0.998926	0.00511353	0.044003	-0.0136196	img_Drone1__0_1644860794942501500.png
Drone1	1644860794468	-135.216	43.8424	-37.8714	0.998927	0.00512225	0.0439711	-0.0136291	img_Drone1__0_1644860794994279600.png
Drone1	1644860794516	-135.774	44.0218	-38.0154	0.998927	0.00514724	0.0439497	-0.0136412	img_Drone1__0_1644860795045566800.png
Drone1	1644860794573	-136.436	44.2348	-38.1865	0.998928	0.00517732	0.0439365	-0.0136565	img_Drone1__0_1644860795105066300.png
Drone1	1644860794645	-137.273	44.504	-38.4028	0.998927	0.00519672	0.0439469	-0.0136765	img_Drone1__0_1644860795176198000.png
Drone1	1644860794696	-137.866	44.6947	-38.5561	0.998927	0.00523464	0.0439298	-0.0136934	img_Drone1__0_1644860795227743500.png
Drone1	1644860794747	-138.459	44.8854	-38.7095	0.998929	0.0052576	0.0438829	-0.0137105	img_Drone1__0_1644860795278401000.png
Drone1	1644860794819	-139.297	45.1547	-38.9261	0.998929	0.00534496	0.0438519	-0.013736	img_Drone1__0_1644860795348851800.png
Drone1	1644860794870	-139.89	45.3455	-39.0795	0.99893	0.00538493	0.0438371	-0.013753	img_Drone1__0_1644860795400057400.png
Drone1	1644860794921	-140.483	45.5363	-39.233	0.998929	0.00540414	0.0438485	-0.0137682	img_Drone1__0_1644860795450831400.png
Drone1	1644860794969	-141.041	45.7159	-39.3775	0.998928	0.00540327	0.0438597	-0.0137815	img_Drone1__0_1644860795501412000.png
Drone1	1644860795041	-141.879	45.9854	-39.5942	0.998928	0.00543452	0.0438514	-0.0138051	img_Drone1__0_1644860795570906300.png
Drone1	1644860795092	-142.472	46.1764	-39.7477	0.998925	0.00548877	0.0439076	-0.0138255	img_Drone1__0_1644860795622020500.png
Drone1	1644860795143	-143.065	46.3674	-39.9012	0.998922	0.00553563	0.0439639	-0.0138488	img_Drone1__0_1644860795673607400.png
Drone1	1644860795212	-143.868	46.6258	-40.1083	0.998916	0.00553031	0.0440838	-0.013879	img_Drone1__0_1644860795744276100.png
Drone1	1644860795263	-144.461	46.8169	-40.2601	0.998912	0.00551424	0.0441737	-0.0139022	img_Drone1__0_1644860795795331500.png
Drone1	1644860795317	-145.09	47.0192	-40.4211	0.998905	0.00548661	0.0443216	-0.0139248	img_Drone1__0_1644860795848747700.png
Drone1	1644860795371	-145.718	47.2216	-40.5824	0.998902	0.00542684	0.0444016	-0.0139445	img_Drone1__0_1644860795902795300.png
Drone1	1644860795419	-146.277	47.4016	-40.726	0.998902	0.00538508	0.0443834	-0.0139625	img_Drone1__0_1644860795951081800.png
Drone1	1644860795470	-146.87	47.5928	-40.8787	0.998904	0.00536358	0.0443427	-0.0139816	img_Drone1__0_1644860796000543900.png
Drone1	1644860795524	-147.499	47.7953	-41.0405	0.998905	0.00534212	0.0443116	-0.0140001	img_Drone1__0_1644860796052705500.png
Drone1	1644860795578	-148.127	47.9979	-41.2025	0.998909	0.00533693	0.0442297	-0.0140154	img_Drone1__0_1644860796110581200.png
Drone1	1644860795635	-148.791	48.2117	-41.3736	0.998915	0.00538445	0.0440879	-0.0140314	img_Drone1__0_1644860796165376600.png
Drone1	1644860795683	-149.35	48.3918	-41.5177	0.998918	0.00543491	0.044001	-0.0140449	img_Drone1__0_1644860796213338700.png
Drone1	1644860795752	-150.153	48.6508	-41.725	0.998922	0.00548983	0.0439004	-0.0140604	img_Drone1__0_1644860796284120500.png
Drone1	1644860795803	-150.747	48.8422	-41.8783	0.998922	0.00552853	0.0438919	-0.0140687	img_Drone1__0_1644860796333578100.png
Drone1	1644860795851	-151.307	49.0225	-42.0226	0.998921	0.00552824	0.0439215	-0.0140752	img_Drone1__0_1644860796383726700.png
Drone1	1644860795923	-152.145	49.2929	-42.2391	0.998917	0.00550701	0.0440018	-0.0140832	img_Drone1__0_1644860796453766000.png
Drone1	1644860795974	-152.739	49.4845	-42.3925	0.998915	0.00547629	0.044046	-0.0140856	img_Drone1__0_1644860796503723100.png
Drone1	1644860796043	-153.543	49.7438	-42.5998	0.998917	0.00539985	0.0440219	-0.0140854	img_Drone1__0_1644860796573550700.png
Drone1	1644860796094	-154.137	49.9354	-42.7516	0.998919	0.00537818	0.043978	-0.0140833	img_Drone1__0_1644860796624295200.png
Drone1	1644860796142	-154.696	50.1158	-42.8925	0.998914	0.00539684	0.044087	-0.0140801	img_Drone1__0_1644860796672141000.png
Drone1	1644860796220	-155.604	50.4089	-43.1158	0.998896	0.00546378	0.0444924	-0.014072	img_Drone1__0_1644860796751527400.png
Drone1	1644860796274	-156.232	50.6118	-43.2655	0.99888	0.00550316	0.0448314	-0.0140662	img_Drone1__0_1644860796805551600.png
Drone1	1644860796325	-156.825	50.8035	-43.4025	0.998865	0.00556941	0.0451748	-0.0140615	img_Drone1__0_1644860796857773300.png
Drone1	1644860796379	-157.452	51.0064	-43.5426	0.998844	0.00564877	0.0456163	-0.0140549	img_Drone1__0_1644860796910573200.png
Drone1	1644860796436	-158.114	51.2206	-43.6847	0.998819	0.00572281	0.0461496	-0.0140461	img_Drone1__0_1644860796968940400.png
Drone1	1644860796484	-158.671	51.4009	-43.7993	0.998799	0.00585771	0.0465847	-0.014039	img_Drone1__0_1644860797017214700.png
Drone1	1644860796535	-159.263	51.5924	-43.9159	0.99878	0.00597719	0.0469716	-0.0140286	img_Drone1__0_1644860797065866800.png
Drone1	1644860796604	-160.063	51.8516	-44.0652	0.998762	0.00615344	0.0473409	-0.0140096	img_Drone1__0_1644860797135817000.png
Drone1	1644860796673	-160.862	52.1108	-44.2045	0.998745	0.00625585	0.0476789	-0.0139794	img_Drone1__0_1644860797205653300.png
Drone1	1644860796751	-161.765	52.4038	-44.3499	0.998724	0.00632777	0.0481198	-0.0139358	img_Drone1__0_1644860797283687800.png
Drone1	1644860796805	-162.39	52.6066	-44.443	0.998713	0.00633491	0.0483646	-0.0138998	img_Drone1__0_1644860797335781400.png
Drone1	1644860796853	-162.945	52.7869	-44.5206	0.998704	0.0063547	0.0485488	-0.0138666	img_Drone1__0_1644860797386769100.png
Drone1	1644860796922	-163.743	53.0462	-44.6239	0.998695	0.00646198	0.0487327	-0.0138208	img_Drone1__0_1644860797453780000.png
Drone1	1644860796988	-164.505	53.2942	-44.7135	0.998688	0.00659538	0.0488734	-0.0137761	img_Drone1__0_1644860797521477500.png
Drone1	1644860797039	-165.094	53.4858	-44.7769	0.998685	0.00659326	0.0489586	-0.0137366	img_Drone1__0_1644860797570648000.png
Drone1	1644860797108	-165.89	53.7451	-44.8546	0.998681	0.00652812	0.0490546	-0.0136797	img_Drone1__0_1644860797641329600.png
Drone1	1644860797159	-166.478	53.9368	-44.9063	0.998681	0.00647018	0.0490858	-0.0136387	img_Drone1__0_1644860797690243200.png
Drone1	1644860797207	-167.032	54.1172	-44.9506	0.998682	0.00643932	0.0490731	-0.0136032	img_Drone1__0_1644860797740388500.png
Drone1	1644860797258	-167.62	54.309	-44.9933	0.998683	0.00644477	0.0490642	-0.0135703	img_Drone1__0_1644860797789855700.png
Drone1	1644860797330	-168.45	54.5797	-45.046	0.998687	0.00644356	0.048978	-0.0135274	img_Drone1__0_1644860797862137600.png
Drone1	1644860797378	-169.003	54.7602	-45.0764	0.998692	0.00643552	0.0488873	-0.0135024	img_Drone1__0_1644860797911601100.png
Drone1	1644860797447	-169.798	55.0197	-45.1139	0.9987	0.00640757	0.0487466	-0.0134724	img_Drone1__0_1644860797980301900.png
Drone1	1644860797516	-170.593	55.2793	-45.1445	0.998705	0.00645724	0.0486359	-0.0134485	img_Drone1__0_1644860798049043600.png
Drone1	1644860797567	-171.18	55.4712	-45.1629	0.998711	0.00649769	0.0485174	-0.0134344	img_Drone1__0_1644860798099732000.png
Drone1	1644860797618	-171.767	55.6632	-45.1781	0.998716	0.0065008	0.04841	-0.0134224	img_Drone1__0_1644860798149805100.png
Drone1	1644860797669	-172.354	55.8552	-45.19	0.998721	0.00649941	0.0483098	-0.0134124	img_Drone1__0_1644860798200677300.png
Drone1	1644860797738	-173.148	56.115	-45.2016	0.998728	0.00644924	0.0481842	-0.0133983	img_Drone1__0_1644860798270848400.png
Drone1	1644860797807	-173.942	56.3749	-45.2083	0.998736	0.00632658	0.0480297	-0.0133818	img_Drone1__0_1644860798340670000.png
Drone1	1644860797882	-174.805	56.6575	-45.2106	0.998749	0.00614379	0.0477865	-0.0133684	img_Drone1__0_1644860798413818800.png
Drone1	1644860797933	-175.392	56.8497	-45.2095	0.99902	0.00435864	0.0419755	-0.0133208	img_Drone1__0_1644860798464619900.png
Drone1	1644860797981	-175.944	57.0306	-45.2068	0.999595	-0.00103415	0.0252027	-0.0131931	img_Drone1__0_1644860798514918100.png
Drone1	1644860798032	-176.53	57.2224	-45.2025	0.999848	-0.0108295	-0.00406693	-0.0130118	img_Drone1__0_1644860798565779100.png
Drone1	1644860798086	-177.147	57.4247	-45.1969	0.998677	-0.0243878	-0.0433952	-0.0128899	img_Drone1__0_1644860798617305600.png
Drone1	1644860798158	-177.962	57.6916	-45.1892	0.993973	-0.0440769	-0.0995169	-0.0130658	img_Drone1__0_1644860798690898600.png
Drone1	1644860798212	-178.565	57.8884	-45.185	0.988515	-0.0578701	-0.138943	-0.0135477	img_Drone1__0_1644860798743993800.png
Drone1	1644860798266	-179.156	58.081	-45.1835	0.982273	-0.0697127	-0.173418	-0.0143501	img_Drone1__0_1644860798799836000.png
Drone1	1644860798347	-180.016	58.3601	-45.188	0.973027	-0.0829583	-0.214661	-0.0160577	img_Drone1__0_1644860798879111400.png
Drone1	1644860798431	-180.868	58.6345	-45.2015	0.964885	-0.0915717	-0.24551	-0.0183749	img_Drone1__0_1644860798962109000.png
Drone1	1644860798488	-181.421	58.8112	-45.2148	0.960291	-0.0952769	-0.261448	-0.0202116	img_Drone1__0_1644860799021703100.png
Drone1	1644860798545	-181.952	58.9798	-45.2304	0.956224	-0.0979173	-0.274869	-0.0222344	img_Drone1__0_1644860799078413100.png
Drone1	1644860798605	-182.487	59.1484	-45.2483	0.952308	-0.100006	-0.287239	-0.0245473	img_Drone1__0_1644860799137519800.png
Drone1	1644860798662	-182.972	59.3001	-45.2656	0.948844	-0.101529	-0.297764	-0.0268852	img_Drone1__0_1644860799193999400.png
Drone1	1644860798719	-183.434	59.4434	-45.2825	0.945601	-0.10267	-0.307308	-0.0293123	img_Drone1__0_1644860799250738400.png
Drone1	1644860798773	-183.85	59.5715	-45.2973	0.94272	-0.103474	-0.315546	-0.031666	img_Drone1__0_1644860799306615800.png
Drone1	1644860798830	-184.266	59.6984	-45.3112	0.939909	-0.104	-0.323402	-0.0341504	img_Drone1__0_1644860799362203900.png
Drone1	1644860798914	-184.834	59.8697	-45.3284	0.936348	-0.104005	-0.333192	-0.0376732	img_Drone1__0_1644860799447074000.png
Drone1	1644860798971	-185.19	59.9751	-45.3371	0.934367	-0.103525	-0.338598	-0.0399124	img_Drone1__0_1644860799504785100.png
Drone1	1644860799055	-185.669	60.115	-45.3442	0.932016	-0.10224	-0.345043	-0.0428829	img_Drone1__0_1644860799587573500.png
Drone1	1644860799115	-185.978	60.2037	-45.3443	0.930746	-0.100953	-0.3486	-0.0447086	img_Drone1__0_1644860799647630800.png
Drone1	1644860799178	-186.274	60.2868	-45.3395	0.929807	-0.0993528	-0.351342	-0.0463379	img_Drone1__0_1644860799711084700.png
Drone1	1644860799235	-186.516	60.3534	-45.3307	0.929381	-0.0976567	-0.352781	-0.0475302	img_Drone1__0_1644860799768838000.png
Drone1	1644860799292	-186.733	60.4119	-45.3173	0.929361	-0.0957487	-0.353236	-0.0484269	img_Drone1__0_1644860799825543600.png
Drone1	1644860799376	-187.009	60.4837	-45.2895	0.93014	-0.0925642	-0.351926	-0.0491887	img_Drone1__0_1644860799907526800.png
Drone1	1644860799433	-187.167	60.5228	-45.2651	0.93123	-0.0902019	-0.349631	-0.0493228	img_Drone1__0_1644860799964742100.png
Drone1	1644860799490	-187.3	60.5542	-45.2366	0.93277	-0.0877217	-0.346162	-0.0491515	img_Drone1__0_1644860800021557400.png
Drone1	1644860799547	-187.409	60.5783	-45.2041	0.934785	-0.0850924	-0.34142	-0.0486646	img_Drone1__0_1644860800079455500.png
Drone1	1644860799607	-187.499	60.5958	-45.166	0.937387	-0.0822037	-0.335053	-0.0478224	img_Drone1__0_1644860800139093100.png
Drone1	1644860799664	-187.56	60.6052	-45.1265	0.940294	-0.0794	-0.327656	-0.0467358	img_Drone1__0_1644860800197002900.png
Drone1	1644860799745	-187.607	60.6069	-45.0659	0.945131	-0.0750949	-0.314792	-0.0446521	img_Drone1__0_1644860800278397200.png
Drone1	1644860799802	-187.613	60.6003	-45.0208	0.949002	-0.0718451	-0.303973	-0.0428337	img_Drone1__0_1644860800336146900.png
Drone1	1644860799859	-187.597	60.5875	-44.9744	0.95319	-0.0683371	-0.29172	-0.0407168	img_Drone1__0_1644860800392722800.png
Drone1	1644860799919	-187.558	60.5677	-44.9246	0.957879	-0.0643301	-0.277258	-0.0381816	img_Drone1__0_1644860800451236900.png
Drone1	1644860799976	-187.501	60.5432	-44.8773	0.962533	-0.060254	-0.26199	-0.0355225	img_Drone1__0_1644860800508145200.png
Drone1	1644860800033	-187.424	60.5136	-44.8305	0.967274	-0.0558816	-0.245341	-0.0326333	img_Drone1__0_1644860800565922000.png
Drone1	1644860800090	-187.33	60.4794	-44.785	0.972006	-0.0511852	-0.227401	-0.0295376	img_Drone1__0_1644860800622642300.png
Drone1	1644860800147	-187.219	60.4408	-44.7411	0.976633	-0.0461579	-0.208247	-0.026272	img_Drone1__0_1644860800680201500.png
Drone1	1644860800204	-187.093	60.3984	-44.6997	0.981008	-0.0408911	-0.188223	-0.0228866	img_Drone1__0_1644860800737620000.png
Drone1	1644860800264	-186.945	60.3503	-44.659	0.985254	-0.0351144	-0.166345	-0.019246	img_Drone1__0_1644860800795398000.png
Drone1	1644860800321	-186.793	60.3016	-44.6238	0.988875	-0.0294857	-0.14494	-0.015777	img_Drone1__0_1644860800853372500.png
Drone1	1644860800381	-186.621	60.2478	-44.5906	0.992177	-0.02345	-0.122012	-0.012169	img_Drone1__0_1644860800913482800.png
Drone1	1644860800438	-186.449	60.1948	-44.5632	0.994767	-0.017671	-0.100245	-0.00883428	img_Drone1__0_1644860800970837000.png
Drone1	1644860800492	-186.279	60.1433	-44.5411	0.996723	-0.012164	-0.0797645	-0.0058051	img_Drone1__0_1644860801025760000.png
Drone1	1644860800546	-186.104	60.0911	-44.5228	0.998196	-0.00661227	-0.0595984	-0.00294131	img_Drone1__0_1644860801080028800.png
Drone1	1644860800609	-185.895	60.0295	-44.5066	0.999324	-0.000237603	-0.036756	0.000131059	img_Drone1__0_1644860801134914500.png
Drone1	1644860800660	-185.723	59.9797	-44.4973	0.999806	0.00480416	-0.0189316	0.00237217	img_Drone1__0_1644860801193730400.png
Drone1	1644860800732	-185.48	59.9098	-44.4902	0.999905	0.0117187	0.00519983	0.00511489	img_Drone1__0_1644860801266547700.png
Drone1	1644860800810	-185.217	59.8357	-44.4899	0.999351	0.0188189	0.0297978	0.00748053	img_Drone1__0_1644860801343452800.png
Drone1	1644860800876	-184.998	59.7749	-44.4955	0.998443	0.0244825	0.049312	0.00896875	img_Drone1__0_1644860801411285500.png
Drone1	1644860800939	-184.793	59.719	-44.5054	0.99729	0.0293983	0.0667041	0.00994858	img_Drone1__0_1644860801468178800.png
Drone1	1644860801011	-184.567	59.6581	-44.5217	0.995753	0.0343264	0.0847715	0.0105462	img_Drone1__0_1644860801547899600.png
Drone1	1644860801065	-184.403	59.6149	-44.537	0.994515	0.0375508	0.0970391	0.0106439	img_Drone1__0_1644860801600401900.png
Drone1	1644860801122	-184.238	59.5718	-44.5556	0.993184	0.04051	0.108793	0.0104415	img_Drone1__0_1644860801653189600.png
Drone1	1644860801200	-184.023	59.5173	-44.5846	0.991409	0.0437981	0.122862	0.00969905	img_Drone1__0_1644860801736146000.png
Drone1	1644860801263	-183.862	59.4773	-44.6106	0.990065	0.0458755	0.132627	0.00875143	img_Drone1__0_1644860801799414200.png
Drone1	1644860801329	-183.705	59.4394	-44.6396	0.988737	0.0476885	0.141669	0.00746864	img_Drone1__0_1644860801863851000.png
Drone1	1644860801383	-183.587	59.4115	-44.6643	0.987779	0.0488092	0.147887	0.00623913	img_Drone1__0_1644860801920321500.png
Drone1	1644860801440	-183.471	59.3853	-44.6912	0.986914	0.0496298	0.153346	0.00481052	img_Drone1__0_1644860801976493900.png
Drone1	1644860801503	-183.356	59.3601	-44.7214	0.986119	0.0501258	0.158264	0.00312919	img_Drone1__0_1644860802040719600.png
Drone1	1644860801593	-183.213	59.3311	-44.7646	0.985792	0.049247	0.160588	0.000676865	img_Drone1__0_1644860802132676500.png
Drone1	1644860801668	-183.115	59.3131	-44.8002	0.985383	0.0486773	0.163244	-0.00133418	img_Drone1__0_1644860802204865600.png
Drone1	1644860801740	-183.038	59.3011	-44.8336	0.985064	0.0480027	0.165333	-0.00317776	img_Drone1__0_1644860802279985400.png
Drone1	1644860801830	-182.966	59.2932	-44.8739	0.985187	0.0465085	0.164968	-0.0053034	img_Drone1__0_1644860802377097800.png
Drone1	1644860801923	-182.919	59.2931	-44.9128	0.985956	0.0438747	0.160985	-0.00711214	img_Drone1__0_1644860802474246600.png
Drone1	1644860802028	-182.9	59.3021	-44.9532	0.986793	0.0411036	0.156447	-0.00863172	img_Drone1__0_1644860802582060500.png
Drone1	1644860802118	-182.91	59.3172	-44.9843	0.987771	0.0385404	0.150774	-0.00946716	img_Drone1__0_1644860802674259900.png
Drone1	1644860802178	-182.93	59.3308	-45.0031	0.988587	0.036585	0.145817	-0.00976129	img_Drone1__0_1644860802732635200.png
Drone1	1644860802235	-182.958	59.3462	-45.0194	0.989459	0.0346135	0.140274	-0.00985258	img_Drone1__0_1644860802788906700.png
Drone1	1644860802289	-182.993	59.3629	-45.0336	0.990342	0.0325994	0.134408	-0.00976512	img_Drone1__0_1644860802844712100.png
Drone1	1644860802346	-183.039	59.3825	-45.0472	0.991314	0.0303589	0.127611	-0.00950013	img_Drone1__0_1644860802901722600.png
Drone1	1644860802403	-183.092	59.4042	-45.0594	0.992306	0.0280781	0.12024	-0.00907687	img_Drone1__0_1644860802958737200.png
Drone1	1644860802460	-183.152	59.4277	-45.0702	0.993301	0.0257507	0.112328	-0.00850782	img_Drone1__0_1644860803013839000.png
Drone1	1644860802520	-183.224	59.4542	-45.0801	0.994323	0.0232386	0.103541	-0.00776603	img_Drone1__0_1644860803074462100.png
Drone1	1644860802574	-183.294	59.4795	-45.0879	0.995214	0.0208777	0.0952099	-0.0069896	img_Drone1__0_1644860803129397100.png
Drone1	1644860802634	-183.378	59.509	-45.0953	0.996148	0.018178	0.0855733	-0.00602624	img_Drone1__0_1644860803188019200.png
Drone1	1644860802688	-183.459	59.5367	-45.101	0.996927	0.0156404	0.0765912	-0.00508379	img_Drone1__0_1644860803241592600.png
Drone1	1644860802742	-183.545	59.5652	-45.1057	0.997632	0.0130195	0.0674159	-0.00409032	img_Drone1__0_1644860803295682200.png
Drone1	1644860802799	-183.639	59.5962	-45.1099	0.998285	0.0102748	0.0575623	-0.00301384	img_Drone1__0_1644860803353509500.png
Drone1	1644860802853	-183.731	59.6261	-45.1131	0.998806	0.00772551	0.0481935	-0.00198861	img_Drone1__0_1644860803409022300.png
Drone1	1644860802907	-183.826	59.6565	-45.1157	0.999233	0.00525398	0.0387831	-0.000976637	img_Drone1__0_1644860803463139500.png
Drone1	1644860802964	-183.929	59.6889	-45.1178	0.99958	0.00267012	0.0288453	5.96088e-05	img_Drone1__0_1644860803518728900.png
Drone1	1644860803018	-184.028	59.7197	-45.1193	0.999808	0.00024811	0.0195824	0.00099538	img_Drone1__0_1644860803573952100.png
Drone1	1644860803075	-184.133	59.7523	-45.1204	0.999945	-0.00227192	0.0100249	0.0019205	img_Drone1__0_1644860803629499000.png
Drone1	1644860803129	-184.234	59.7831	-45.1211	0.999985	-0.00458476	0.00113608	0.00272388	img_Drone1__0_1644860803686303900.png
Drone1	1644860803183	-184.334	59.8135	-45.1214	0.999943	-0.0068111	-0.00744016	0.00344368	img_Drone1__0_1644860803740291000.png
Drone1	1644860803240	-184.44	59.8453	-45.1215	0.99982	-0.00903891	-0.0161476	0.0041033	img_Drone1__0_1644860803796013600.png
Drone1	1644860803321	-184.588	59.8894	-45.1212	0.999528	-0.0120073	-0.0278631	0.00485185	img_Drone1__0_1644860803876285900.png
Drone1	1644860803375	-184.685	59.9179	-45.1208	0.999268	-0.0139198	-0.035235	0.0052193	img_Drone1__0_1644860803931516900.png
Drone1	1644860803432	-184.785	59.9473	-45.1202	0.998953	-0.0157934	-0.0425891	0.00549522	img_Drone1__0_1644860803989724300.png
Drone1	1644860803498	-184.897	59.98	-45.1194	0.998552	-0.0178069	-0.0504376	0.00567021	img_Drone1__0_1644860804053172600.png
Drone1	1644860803573	-185.02	60.0153	-45.1183	0.998082	-0.0197223	-0.0584007	0.0056939	img_Drone1__0_1644860804129606300.png
Drone1	1644860803630	-185.108	60.0407	-45.1175	0.997732	-0.0209518	-0.06372	0.00559343	img_Drone1__0_1644860804187304000.png
Drone1	1644860803690	-185.197	60.0661	-45.1165	0.997374	-0.0220907	-0.0687643	0.005387	img_Drone1__0_1644860804244341600.png
Drone1	1644860803771	-185.309	60.0978	-45.1152	0.996921	-0.0233438	-0.0746955	0.00496757	img_Drone1__0_1644860804326520700.png
Drone1	1644860803855	-185.415	60.1276	-45.1139	0.99652	-0.0242962	-0.079614	0.00439274	img_Drone1__0_1644860804411764300.png
Drone1	1644860803915	-185.484	60.1468	-45.1129	0.996291	-0.0247941	-0.0823081	0.00391514	img_Drone1__0_1644860804472063100.png
Drone1	1644860803999	-185.57	60.1708	-45.1115	0.996049	-0.0252503	-0.0850787	0.00318364	img_Drone1__0_1644860804557752400.png
Drone1	1644860804080	-185.643	60.1906	-45.1101	0.995911	-0.0253359	-0.0866785	0.00244888	img_Drone1__0_1644860804640092400.png
Drone1	1644860804161	-185.703	60.2072	-45.1086	0.99587	-0.0250542	-0.0872445	0.00173118	img_Drone1__0_1644860804723069800.png
Drone1	1644860804242	-185.753	60.2206	-45.105	0.995889	-0.0246687	-0.0871466	0.00104659	img_Drone1__0_1644860804803102400.png
Drone1	1644860804323	-185.791	60.2307	-45.1018	0.996011	-0.0240838	-0.0859166	0.000421266	img_Drone1__0_1644860804885374000.png
Drone1	1644860804404	-185.819	60.2378	-45.099	0.996237	-0.0231952	-0.0835093	-0.000113397	img_Drone1__0_1644860804967200600.png
Drone1	1644860804464	-185.832	60.241	-45.0972	0.996455	-0.0223621	-0.0810965	-0.000437973	img_Drone1__0_1644860805025598800.png
Drone1	1644860804557	-185.84	60.2429	-45.0948	0.996839	-0.0209063	-0.0766508	-0.000811543	img_Drone1__0_1644860805116818800.png
Drone1	1644860804644	-185.836	60.2414	-45.0928	0.99723	-0.0195022	-0.0717655	-0.00102229	img_Drone1__0_1644860805207624300.png
Drone1	1644860804701	-185.828	60.2388	-45.0917	0.997496	-0.018604	-0.0682284	-0.00108649	img_Drone1__0_1644860805263338800.png
Drone1	1644860804758	-185.815	60.2349	-45.0906	0.997765	-0.0176944	-0.0644208	-0.00109258	img_Drone1__0_1644860805320642100.png
Drone1	1644860804839	-185.79	60.2276	-45.0893	0.99815	-0.0162229	-0.0585804	-0.00099315	img_Drone1__0_1644860805403063500.png
Drone1	1644860804896	-185.767	60.2211	-45.0886	0.998415	-0.0150558	-0.0542247	-0.000853827	img_Drone1__0_1644860805459647700.png
Drone1	1644860804980	-185.728	60.2098	-45.0876	0.998775	-0.0132539	-0.047662	-0.000557845	img_Drone1__0_1644860805544024600.png
Drone1	1644860805037	-185.697	60.201	-45.0871	0.998996	-0.0120469	-0.0431538	-0.000306146	img_Drone1__0_1644860805601204400.png
Drone1	1644860805094	-185.664	60.1915	-45.0867	0.999198	-0.0108704	-0.0385265	-2.39097e-05	img_Drone1__0_1644860805656155400.png
Drone1	1644860805148	-185.63	60.1818	-45.0864	0.99937	-0.0097432	-0.0341276	0.000269103	img_Drone1__0_1644860805711550200.png
Drone1	1644860805205	-185.592	60.171	-45.0855	0.999551	-0.0103549	-0.0280954	0.000618175	img_Drone1__0_1644860805768721600.png
Drone1	1644860805280	-185.54	60.1558	-45.0843	0.999711	-0.00866667	-0.022415	0.00121624	img_Drone1__0_1644860805845057800.png
Drone1	1644860805337	-185.498	60.1436	-45.0837	0.999806	-0.00676168	-0.0184013	0.00167371	img_Drone1__0_1644860805901185300.png
Drone1	1644860805397	-185.453	60.1303	-45.0832	0.999886	-0.00470718	-0.0142099	0.00213497	img_Drone1__0_1644860805959887700.png
Drone1	1644860805451	-185.411	60.118	-45.0829	0.999939	-0.00300849	-0.0103424	0.00252162	img_Drone1__0_1644860806016254000.png
Drone1	1644860805505	-185.369	60.1056	-45.0828	0.999974	-0.00158827	-0.00635142	0.0028774	img_Drone1__0_1644860806069238600.png
Drone1	1644860805580	-185.31	60.0882	-45.0828	0.999994	3.62459e-06	-0.00088021	0.0033126	img_Drone1__0_1644860806143986200.png
Drone1	1644860805637	-185.265	60.0749	-45.0829	0.999988	0.00102859	0.00311765	0.00359715	img_Drone1__0_1644860806202679800.png
Drone1	1644860805700	-185.216	60.0603	-45.0832	0.999964	0.00200706	0.00726862	0.00386267	img_Drone1__0_1644860806263578000.png
Drone1	1644860805781	-185.153	60.0418	-45.0836	0.999911	0.00324161	0.0122655	0.00412402	img_Drone1__0_1644860806346552100.png
Drone1	1644860805838	-185.11	60.029	-45.0839	0.999861	0.00417479	0.0156009	0.00425326	img_Drone1__0_1644860806403049100.png
Drone1	1644860805895	-185.068	60.0165	-45.0843	0.999801	0.00511424	0.0188155	0.00433907	img_Drone1__0_1644860806458921400.png
Drone1	1644860805949	-185.029	60.0049	-45.0846	0.999738	0.00593531	0.021689	0.00438024	img_Drone1__0_1644860806515363000.png
Drone1	1644860806003	-184.992	59.9936	-45.0849	0.999673	0.0067202	0.0243002	0.00438445	img_Drone1__0_1644860806569361500.png
Drone1	1644860806060	-184.954	59.9822	-45.0852	0.999603	0.00750003	0.0268037	0.00435111	img_Drone1__0_1644860806625743700.png
Drone1	1644860806120	-184.915	59.9706	-45.0855	0.999529	0.00825227	0.0292465	0.00428126	img_Drone1__0_1644860806684081100.png
Drone1	1644860806192	-184.872	59.9575	-45.0851	0.999443	0.00910642	0.0318345	0.00415544	img_Drone1__0_1644860806758945500.png
Drone1	1644860806249	-184.84	59.9477	-45.0837	0.999379	0.00970068	0.0336471	0.00403177	img_Drone1__0_1644860806813756400.png
Drone1	1644860806303	-184.811	59.939	-45.0827	0.999326	0.0100978	0.0350708	0.00389989	img_Drone1__0_1644860806869443900.png
Drone1	1644860806363	-184.782	59.9301	-45.0817	0.999278	0.0104798	0.0363209	0.00373761	img_Drone1__0_1644860806927441500.png
Drone1	1644860806417	-184.758	59.9226	-45.081	0.999245	0.0107583	0.037155	0.0035816	img_Drone1__0_1644860806983399600.png
Drone1	1644860806471	-184.736	59.9158	-45.0805	0.99922	0.0109845	0.0377866	0.00342143	img_Drone1__0_1644860807038513000.png
Drone1	1644860806549	-184.709	59.907	-45.0799	0.999191	0.0112765	0.0384706	0.00318865	img_Drone1__0_1644860807115393100.png
Drone1	1644860806609	-184.69	59.9012	-45.0796	0.999183	0.011363	0.0386768	0.00301621	img_Drone1__0_1644860807176470600.png
Drone1	1644860806687	-184.671	59.8948	-45.0794	0.999188	0.0112912	0.0385735	0.00280792	img_Drone1__0_1644860807254865200.png
Drone1	1644860806744	-184.66	59.8909	-45.0794	0.9992	0.0111506	0.0383079	0.0026703	img_Drone1__0_1644860807310186900.png
Drone1	1644860806798	-184.651	59.8879	-45.0794	0.999218	0.0109797	0.0379031	0.00255054	img_Drone1__0_1644860807365183500.png
Drone1	1644860806855	-184.644	59.8855	-45.0794	0.999243	0.0107656	0.0373155	0.00243916	img_Drone1__0_1644860807422246000.png
Drone1	1644860806930	-184.639	59.8833	-45.0796	0.999285	0.0105174	0.0362555	0.00231418	img_Drone1__0_1644860807497710600.png
Drone1	1644860806987	-184.638	59.8824	-45.0797	0.999324	0.0102901	0.0352187	0.00223805	img_Drone1__0_1644860807554818200.png
Drone1	1644860807065	-184.64	59.8822	-45.0799	0.999387	0.0098604	0.0335279	0.00216476	img_Drone1__0_1644860807632832100.png
Drone1	1644860807119	-184.644	59.8828	-45.0801	0.999434	0.00947287	0.032213	0.00213689	img_Drone1__0_1644860807687361300.png
Drone1	1644860807173	-184.65	59.8839	-45.0803	0.999481	0.00908134	0.0308485	0.00212568	img_Drone1__0_1644860807741359600.png
Drone1	1644860807230	-184.658	59.8856	-45.0805	0.999529	0.00866947	0.0293593	0.00213146	img_Drone1__0_1644860807796176600.png
Drone1	1644860807287	-184.667	59.8879	-45.0807	0.999579	0.00818588	0.0277496	0.00215635	img_Drone1__0_1644860807851711500.png
Drone1	1644860807341	-184.678	59.8906	-45.0809	0.999627	0.00773401	0.0260892	0.00219304	img_Drone1__0_1644860807908853200.png
Drone1	1644860807398	-184.691	59.8938	-45.0812	0.999676	0.00726192	0.0242804	0.00224679	img_Drone1__0_1644860807964322800.png
Drone1	1644860807455	-184.706	59.8976	-45.0815	0.999722	0.00683433	0.0224427	0.00231541	img_Drone1__0_1644860808020234900.png
Drone1	1644860807509	-184.721	59.9015	-45.0818	0.999763	0.00638306	0.0206733	0.00239052	img_Drone1__0_1644860808076125000.png
Drone1	1644860807563	-184.738	59.9058	-45.0821	0.999802	0.0059298	0.0188131	0.00247304	img_Drone1__0_1644860808130070500.png
Drone1	1644860807617	-184.755	59.9104	-45.0825	0.999838	0.00542573	0.017002	0.00256571	img_Drone1__0_1644860808184014000.png
Drone1	1644860807671	-184.774	59.9154	-45.0828	0.99987	0.00490597	0.0151268	0.00266285	img_Drone1__0_1644860808237242700.png
Drone1	1644860807725	-184.793	59.9206	-45.0833	0.9999	0.00439706	0.0131833	0.0027632	img_Drone1__0_1644860808291636900.png
Drone1	1644860807779	-184.813	59.9261	-45.0837	0.999925	0.00393261	0.0112445	0.00286352	img_Drone1__0_1644860808346960300.png
Drone1	1644860807833	-184.834	59.9318	-45.0841	0.999946	0.00350429	0.00932016	0.00296088	img_Drone1__0_1644860808400922200.png
Drone1	1644860807890	-184.856	59.938	-45.0847	0.999964	0.00304553	0.00732274	0.00305861	img_Drone1__0_1644860808456703500.png
Drone1	1644860807968	-184.888	59.9469	-45.0854	0.999981	0.00234838	0.00471373	0.00318286	img_Drone1__0_1644860808534606100.png
Drone1	1644860808022	-184.91	59.9532	-45.086	0.999989	0.00181484	0.00294262	0.00325954	img_Drone1__0_1644860808590337200.png
Drone1	1644860808100	-184.942	59.9624	-45.0868	0.999994	0.00112531	0.000458192	0.00335653	img_Drone1__0_1644860808667625100.png
Drone1	1644860808157	-184.966	59.9693	-45.0874	0.999993	0.000650112	-0.00127938	0.00341436	img_Drone1__0_1644860808723639100.png
Drone1	1644860808211	-184.989	59.9758	-45.0866	0.99999	0.000236574	-0.00289875	0.00345752	img_Drone1__0_1644860808778053300.png
Drone1	1644860808268	-185.012	59.9827	-45.0858	0.999983	-0.000160834	-0.00458269	0.00349163	img_Drone1__0_1644860808836517400.png
Drone1	1644860808346	-185.044	59.9922	-45.0853	0.999971	-0.000713503	-0.00673476	0.00351971	img_Drone1__0_1644860808915216900.png
Drone1	1644860808403	-185.066	59.999	-45.0852	0.99996	-0.00114874	-0.00810707	0.0035272	img_Drone1__0_1644860808970176600.png
Drone1	1644860808460	-185.088	60.0058	-45.0853	0.999949	-0.00157863	-0.0093683	0.00352508	img_Drone1__0_1644860809026847100.png
Drone1	1644860808535	-185.116	60.0146	-45.0857	0.999931	-0.00208149	-0.01098	0.00351115	img_Drone1__0_1644860809104062700.png
Drone1	1644860808616	-185.145	60.0238	-45.0865	0.999912	-0.00260598	-0.0125597	0.00348637	img_Drone1__0_1644860809183260700.png
Drone1	1644860808670	-185.164	60.0298	-45.0872	0.999899	-0.00288697	-0.0134821	0.00346521	img_Drone1__0_1644860809237391900.png
Drone1	1644860808724	-185.181	60.0356	-45.0879	0.999887	-0.0031729	-0.0142852	0.00343815	img_Drone1__0_1644860809292894500.png
Drone1	1644860808802	-185.205	60.0437	-45.0891	0.999871	-0.00359113	-0.0152606	0.00339172	img_Drone1__0_1644860809369969000.png
Drone1	1644860808856	-185.221	60.049	-45.0901	0.999862	-0.00385334	-0.0158215	0.00335595	img_Drone1__0_1644860809425489800.png
Drone1	1644860808934	-185.242	60.0564	-45.0915	0.99985	-0.00414754	-0.0165102	0.00330078	img_Drone1__0_1644860809503389800.png
Drone1	1644860809012	-185.26	60.0632	-45.093	0.999841	-0.00431138	-0.0169957	0.00324492	img_Drone1__0_1644860809581379600.png
Drone1	1644860809078	-185.275	60.0686	-45.0943	0.999838	-0.00440812	-0.0171639	0.00319993	img_Drone1__0_1644860809645878800.png
Drone1	1644860809159	-185.291	60.0747	-45.096	0.999836	-0.00444912	-0.0172926	0.00315344	img_Drone1__0_1644860809728377200.png
Drone1	1644860809240	-185.304	60.0803	-45.0976	0.999835	-0.00451766	-0.0173353	0.00311487	img_Drone1__0_1644860809809659300.png
Drone1	1644860809318	-185.315	60.0851	-45.0992	0.999839	-0.00458007	-0.0170988	0.00308287	img_Drone1__0_1644860809889413700.png
Drone1	1644860809399	-185.324	60.0895	-45.1009	0.999846	-0.00469333	-0.0166345	0.00305783	img_Drone1__0_1644860809970206600.png
Drone1	1644860809456	-185.329	60.0923	-45.102	0.999852	-0.00475525	-0.0162506	0.00304588	img_Drone1__0_1644860810026736800.png
Drone1	1644860809534	-185.334	60.0955	-45.1036	0.99986	-0.00484553	-0.0156969	0.00304013	img_Drone1__0_1644860810105666900.png
Drone1	1644860809615	-185.338	60.0983	-45.1052	0.999871	-0.00473629	-0.0150682	0.00304795	img_Drone1__0_1644860810185111800.png
Drone1	1644860809669	-185.339	60.0999	-45.1062	0.999879	-0.00463964	-0.0145416	0.00305788	img_Drone1__0_1644860810240294400.png
Drone1	1644860809729	-185.34	60.1012	-45.1073	0.999888	-0.00453247	-0.0139204	0.00307305	img_Drone1__0_1644860810301058000.png
Drone1	1644860809804	-185.339	60.1025	-45.1085	0.9999	-0.00439217	-0.0131126	0.00309971	img_Drone1__0_1644860810374094800.png
Drone1	1644860809870	-185.337	60.1033	-45.1094	0.999909	-0.00424938	-0.0123932	0.00312942	img_Drone1__0_1644860810441080300.png
Drone1	1644860809930	-185.334	60.1037	-45.1102	0.999918	-0.00408853	-0.0116874	0.00316184	img_Drone1__0_1644860810502663700.png
Drone1	1644860810005	-185.33	60.1037	-45.1111	0.99993	-0.00383802	-0.0107026	0.00320518	img_Drone1__0_1644860810577828900.png
Drone1	1644860810083	-185.324	60.1033	-45.1119	0.999943	-0.00348587	-0.00952368	0.00325428	img_Drone1__0_1644860810654867800.png
Drone1	1644860810140	-185.319	60.1028	-45.1124	0.999952	-0.00318504	-0.00862193	0.00329174	img_Drone1__0_1644860810711198400.png
Drone1	1644860810215	-185.311	60.1018	-45.1113	0.999962	-0.00275903	-0.00760152	0.00333961	img_Drone1__0_1644860810788050100.png
Drone1	1644860810296	-185.302	60.1003	-45.1097	0.99997	-0.00233696	-0.00663894	0.00338922	img_Drone1__0_1644860810867996700.png
Drone1	1644860810350	-185.296	60.0992	-45.1089	0.999974	-0.00217722	-0.00595571	0.00341919	img_Drone1__0_1644860810923478900.png
Drone1	1644860810425	-185.286	60.0974	-45.108	0.99998	-0.00201278	-0.00496526	0.00345706	img_Drone1__0_1644860810999293900.png
Drone1	1644860810503	-185.275	60.0953	-45.1073	0.999985	-0.00186853	-0.00382488	0.00349173	img_Drone1__0_1644860811075286700.png
Drone1	1644860810557	-185.268	60.0938	-45.1069	0.999988	-0.00174301	-0.00299894	0.00351405	img_Drone1__0_1644860811130704600.png
Drone1	1644860810611	-185.26	60.0921	-45.1067	0.99999	-0.00159851	-0.00220545	0.0035334	img_Drone1__0_1644860811184397100.png
Drone1	1644860810668	-185.252	60.0903	-45.1065	0.999992	-0.00142623	-0.00136358	0.00355104	img_Drone1__0_1644860811242066000.png
Drone1	1644860810725	-185.243	60.0883	-45.1064	0.999993	-0.00120469	-0.000585201	0.00356623	img_Drone1__0_1644860811299190500.png
Drone1	1644860810782	-185.235	60.0863	-45.1063	0.999993	-0.000998882	0.00015155	0.00358022	img_Drone1__0_1644860811355469700.png
Drone1	1644860810857	-185.224	60.0835	-45.1064	0.999993	-0.000766502	0.00104716	0.00359448	img_Drone1__0_1644860811431576700.png
Drone1	1644860810914	-185.215	60.0813	-45.1064	0.999992	-0.00057658	0.00168362	0.00360276	img_Drone1__0_1644860811488920600.png
Drone1	1644860810974	-185.207	60.079	-45.1066	0.999991	-0.000373495	0.00230111	0.00360564	img_Drone1__0_1644860811546426200.png
Drone1	1644860811028	-185.199	60.0769	-45.1067	0.999989	-0.000267447	0.00284986	0.00360481	img_Drone1__0_1644860811602477800.png
Drone1	1644860811082	-185.191	60.0748	-45.1068	0.999988	-0.000212417	0.00334101	0.00360382	img_Drone1__0_1644860811655140900.png
Drone1	1644860811136	-185.184	60.0727	-45.107	0.999986	-8.67119e-05	0.00378476	0.0036023	img_Drone1__0_1644860811710455300.png
Drone1	1644860811196	-185.176	60.0703	-45.1059	0.999985	2.28317e-05	0.00419442	0.00359717	img_Drone1__0_1644860811769282400.png
Drone1	1644860811250	-185.169	60.0682	-45.1047	0.999983	8.40541e-05	0.00454222	0.00358916	img_Drone1__0_1644860811823742900.png
Drone1	1644860811310	-185.162	60.0658	-45.1037	0.999982	0.000183514	0.00488248	0.00357698	img_Drone1__0_1644860811882726600.png
Drone1	1644860811367	-185.155	60.0635	-45.1029	0.99998	0.000348686	0.00525884	0.00356229	img_Drone1__0_1644860811940623400.png
Drone1	1644860811442	-185.147	60.0606	-45.1023	0.999977	0.000513819	0.00579931	0.00353697	img_Drone1__0_1644860812016807000.png
Drone1	1644860811505	-185.141	60.0582	-45.102	0.999974	0.000615327	0.00624807	0.00351123	img_Drone1__0_1644860812078849500.png
Drone1	1644860811562	-185.135	60.056	-45.1018	0.999973	0.000696133	0.00650925	0.00348601	img_Drone1__0_1644860812137134900.png
Drone1	1644860811616	-185.131	60.0541	-45.1019	0.999972	0.000754913	0.00664749	0.00346169	img_Drone1__0_1644860812192296300.png
Drone1	1644860811673	-185.126	60.052	-45.102	0.999971	0.000800546	0.00678208	0.00343545	img_Drone1__0_1644860812248217700.png
Drone1	1644860811727	-185.122	60.0501	-45.1022	0.99997	0.000888525	0.00685202	0.00341069	img_Drone1__0_1644860812303358000.png
Drone1	1644860811784	-185.118	60.0481	-45.1025	0.99997	0.000953942	0.00688313	0.00338631	img_Drone1__0_1644860812358418900.png
Drone1	1644860811838	-185.115	60.0463	-45.1029	0.99997	0.00103482	0.00688078	0.00336394	img_Drone1__0_1644860812413425900.png
Drone1	1644860811895	-185.112	60.0445	-45.1033	0.99997	0.00112448	0.00683373	0.00333964	img_Drone1__0_1644860812471668900.png
Drone1	1644860811952	-185.11	60.0427	-45.1038	0.999971	0.00117242	0.00674509	0.00331785	img_Drone1__0_1644860812526797800.png
Drone1	1644860812030	-185.107	60.0404	-45.1045	0.999971	0.0012593	0.00669921	0.00329739	img_Drone1__0_1644860812605043200.png
Drone1	1644860812114	-185.105	60.0381	-45.1053	0.999972	0.00133525	0.00665896	0.00328154	img_Drone1__0_1644860812688634800.png
